0 0.9972491178821985
1 0.9964231281345808
2 0.9987218083044807
3 1.0001529416621149
4 1.0000691462640883
5 1.0007216556109655
6 0.9995973017522419
7 1.0015567080809018
8 1.0001874457198197
9 0.9997669663993387
10 1.0010054193911875
11 0.9995881267825779
12 0.996524152152432
13 0.99838459949008
14 0.9993619339215449
15 0.9984253938543355
16 1.0530234047937181
17 1.0985544745093343
18 1.1186948402736623
19 1.1397290558781084
20 1.1513962730534775
21 1.1490612709175958
22 1.128482062303677
23 1.1032216755537352
24 1.0750196775001086
25 1.0510041822377547
26 1.0327186595925009
27 1.0180046488773677
28 1.0124232718313473
29 0.9985819659257
30 0.9933878682296176
31 0.9898414943524991
32 0.9887922746251141
33 0.9865587518313067
34 0.9858583581888907
35 0.9824022877495356
36 0.984588115134978
37 0.9825847879658555
38 0.9829847179247593
39 0.9845598259464617
