0 0.9972645421188384
1 0.9965565815064552
2 0.998004631451904
3 0.998060043573546
4 0.9998818029070895
5 1.0019268275689368
6 1.00133716101828
7 1.0020722207874124
8 1.000114027841072
9 1.001552174814634
10 0.9999374495644738
11 1.0014786197580916
12 0.9984032842849145
13 0.9996249752780078
14 0.9995139275256195
15 0.9983692848256817
16 1.0463978519947204
17 1.0917515488062657
18 1.1160408402381912
19 1.1369003796422612
20 1.1536233207062894
21 1.1564997728348296
22 1.1442302294589326
23 1.1199304034874973
24 1.0955001406568892
25 1.07285884112043
26 1.0542251597935013
27 1.0371465743745234
28 1.0303894814951828
29 1.0164683946812019
30 1.0124599745661227
31 1.0067083440122377
32 1.0027099509316986
33 0.9993538155363044
34 0.9958025925786826
35 0.9931798969698402
36 0.9915814274859034
37 0.9908722421904048
38 0.9888919535015758
39 0.99001804940811
