0 0.9999441322641716
1 0.9996994278056427
2 0.9992610773711502
3 0.9994791352738235
4 0.999422145231891
5 0.9997244407312599
6 0.9994599901928525
7 0.9996792893043355
8 1.0005912403987103
9 0.9999747354733846
10 0.995519742348173
11 0.9976260062064289
12 1.0007767702218744
13 0.9994108835411952
14 0.999712069900766
15 1.004286411783087
16 1.043902372033898
17 1.0743704500881617
18 1.090017031132272
19 1.107127932426118
20 1.117728587364013
21 1.1198138821257635
22 1.119011753074616
23 1.1125821588860456
24 1.1045105177974186
25 1.0922066817753506
26 1.081017791317194
27 1.0722470352152704
28 1.0593972380303138
29 1.0538826768880607
30 1.045869041552981
31 1.0419539158888846
32 1.0354868917687423
33 1.0260220597438725
34 1.021274955779219
35 1.018110183977301
36 1.0146090532235872
37 1.0168287075825007
38 1.0109337961668778
39 1.0083199505390605
