0 0.9975333380385489
1 0.9985151638802113
2 0.9997147121451643
3 0.9995445336471122
4 1.0000367005816218
5 1.0006088231326051
6 1.0008002022465137
7 1.000019636518784
8 1.0011778368361615
9 1.0002434299325056
10 1.0004571875256212
11 0.9977343215106698
12 0.9990479537163537
13 1.0022360641980574
14 0.9984374387874546
15 1.0002011139971645
16 1.0527158131119456
17 1.0760662099273552
18 1.0894442886976143
19 1.0967376781880798
20 1.1003877260744315
21 1.1001866649858647
22 1.092366601584003
23 1.0910879933152944
24 1.0847512475840837
25 1.0731634356446176
26 1.060257551705465
27 1.0495381637236831
28 1.0387818463923961
29 1.032667037713113
30 1.0265574727726625
31 1.0191344332678236
32 1.0131984481152911
33 1.0115865096771677
34 1.0067815550716694
35 1.004319146694078
36 0.9995727049379708
37 1.001420414643891
38 1.0021560055754484
39 1.0008943883062775
